0000000000000000000000000000000000000000000000000000000000000000000000000000000000000000000000000000
0                                                                                                  0
0                                         2                                                        0
0           1                                                                                      0
0                                                                         22                       0
0                                                                                                  0
0                                                                                                  0
0                                                                                                  0
0                                                                                                  0
0                                                                                                  0
0                                                                                                  0
0                                                                                                  0
0                                                                                                  0
0                                                                                   2              0
0                                                                           2                      0
0                                                                                                  0
0           2                                                                                      0
0           2                                                                                      0
0                                                                                                  0
0                                                                                                  0
0                                               2                                                  0
0                                                                                                  0
0                                                                                                  0
0                                                                                                  0
0                                                                                                  0
0                                                                                                  0
0                                                                       2                          0
0                                                                                                  0
0                                      22                                                          0
0                                                                                                  0
0                                                                                                  0
0                                                                                                  0
0                                                                                                  0
0                                                                                            1     0
0                                                                                                  0
0                                                                                                  0
0                                                                                                  0
0                                                                                                  0
0               2                                                                                  0
0                                                                                                  0
0                                                                                                  0
0                                                                                                  0
0                                                                                                  0
0                                            2                                                     0
0                                                                       1                          0
0                                                                                                  0
0                                                                                                  0
0                                        2                                                         0
0                                                                                                  0
0                                                                                                  0
0                                                                                                  0
0                                                                                                  0
0                                                                                                  0
0                                                                                                  0
0                                                                                                  0
0                                                                                                  0
0                                                                                        2         0
0                                                                                                  0
0                                                                                    2             0
0          2                                                                                       0
0                                                                                                  0
0                                                                                                  0
0                                                                                                  0
0                                                            2                                     0
0                                                            2                                     0
0                                                                                                  0
0                                                                                                  0
0                                                                                                  0
0                                                                     2                            0
0                                                                                                  0
0                                                                                                  0
0                                                                                                  0
0                                                                                                  0
0                                                                                                  0
0                                                                                                  0
0                         22                                                                       0
0                                                                                                  0
0  2                                                                                               0
0                                                                                                  0
0                                                                                                  0
0                                                                                                  0
0                                          2                                                       0
0                                                                                                  0
0                                                                                                  0
0                                                                                                  0
0                                                                                                  0
0                                                                                         2        0
0                                                                                                  0
0                                                                                                  0
0                                                                                                  0
0                                                                                            2     0
0            1                                                                                     0
0                                                                                                  0
0                                                                                                  0
0                                                                  2                               0
0     2                              2                                                             0
0                                    2                                                             0
0                                                                                                  0
0                                                                                                  0
0000000000000000000000000000000000000000000000000000000000000000000000000000000000000000000000000000