00000000000000000000000000000000000000000000000000
0               0         0                      0
0               0    2    0          0    2      0
000000      1   0         00000      0           0
0               0                    0      22   0
0            0000                    0           0
0                       0                 00000  0
0    000000             0                 0      0
0    0  2          00000000               0      0
0    0              2   0                 0      0
0    0                  0                 0      0
0    0                  0000              0      0
0    0                                00000      0
0    0                            2              0
0               0         2                      0
0 2             0                       0        0
0           2   0                       0    2   0
0  0000     2   0      0                0        0
0  0            0  2   0            00000000     0
0  0         00000000000000                      0
0  0  2                                          0
0000                                             0
0            0                0        1         0
0            0                0                  0
0            0                0                  0
0            0                00000000000        0
0            0        2                 0      2 0
0  0                                2   0        0
0  0    22         000000000            0        0
0  0                   0                0        0
0  0000                0                         0
0                      0                2        0
0                2     0         0               0
0    1                 0         0               0
0                      0         0        00000000
0       0000000000     0         0               0
0       0              0         0000         2  0
0  2    0                                        0
0    0000       2           2                    0
0                        00000000                0
0                                        0       0
0      2                                 0       0
0                   000000000            0     2 0
0   0                       0    2       0       0
0   0                 1     0            00000   0
0   0    000000             0                    0
0   0                       0         0          0
0   0  2                    0         0  2       0
0   0                       0         0          0
00000000000000000000000000000000000000000000000000