00000000000000000000000000000000000000000000000000
0           0                         0          0
0           0                         0          0
0   2       0                         0       2  0
0           0                         0          0
0      2    0                0        0      00000
0           0                0    2   0          0
0   0000    0        1       0        0          0
0           0                0        0          0
0           0            00000                   0
0           0                                    0
0           0                                    0
0           0                                 1  0
0                                                0
0              0000000000000000000000            0
0                2                               0
0                                                0
0    0                                           0
0    0                                           0
0    00000000000000000000                0       0
0         0             0   2            0    2  0
0      2  0             0       0        0       0
0         0             0       0        00000   0
0                       0       0                0
0                       0       0                0
0                       0       0                0
0                       0       0                0
0      0       0        0       000000           0
0      0 2     0        0       0            2   0
0      0       0                0                0
0      0       0                0                0
0      0       0                0                0
0      0       0                0     0000000    0
0      0       0                0                0
0      0       0                      0          0
0   1  0       0                      0          0
0              0                      0          0
0              0        0000          0 2        0
0              0     2                0          0
0              0                                 0
0              0000000000000                     0
0   0                      0                     0
0   0                      0                     0
0   0 2          0         0          0          0
0   00000        0         0          0          0
0                0                    0          0
00000000         0                    0        2 0
0         2      0         1          0    000   0
0                0                    0      0   0
00000000000000000000000000000000000000000000000000